DIMENSIONS:
100 100

COLONY:
3 3

FOOD:
63 63 3
63 64 3
63 65 3
64 63 3
64 64 3
64 65 3
65 63 3
65 64 3
65 65 3
11 10 5


ANTS:
2

TIME_LIMIT:
1000

MAX_STEPS:
25000

WALL:
0 0
0 1
0 2
1 0
1 1
1 2
2 0
2 1
2 2
0 3
0 4
0 5
1 3
1 4
1 5
2 3
2 4
2 5
0 6
0 7
0 8
1 6
1 7
1 8
2 6
2 7
2 8
0 9
0 10
0 11
1 9
1 10
1 11
2 9
2 10
2 11
0 12
0 13
0 14
1 12
1 13
1 14
2 12
2 13
2 14
0 15
0 16
0 17
1 15
1 16
1 17
2 15
2 16
2 17
0 18
0 19
0 20
1 18
1 19
1 20
2 18
2 19
2 20
0 21
0 22
0 23
1 21
1 22
1 23
2 21
2 22
2 23
0 24
0 25
0 26
1 24
1 25
1 26
2 24
2 25
2 26
0 27
0 28
0 29
1 27
1 28
1 29
2 27
2 28
2 29
0 30
0 31
0 32
1 30
1 31
1 32
2 30
2 31
2 32
0 33
0 34
0 35
1 33
1 34
1 35
2 33
2 34
2 35
0 36
0 37
0 38
1 36
1 37
1 38
2 36
2 37
2 38
0 39
0 40
0 41
1 39
1 40
1 41
2 39
2 40
2 41
0 42
0 43
0 44
1 42
1 43
1 44
2 42
2 43
2 44
0 45
0 46
0 47
1 45
1 46
1 47
2 45
2 46
2 47
0 48
0 49
0 50
1 48
1 49
1 50
2 48
2 49
2 50
0 51
0 52
0 53
1 51
1 52
1 53
2 51
2 52
2 53
0 54
0 55
0 56
1 54
1 55
1 56
2 54
2 55
2 56
0 57
0 58
0 59
1 57
1 58
1 59
2 57
2 58
2 59
0 60
0 61
0 62
1 60
1 61
1 62
2 60
2 61
2 62
0 63
0 64
0 65
1 63
1 64
1 65
2 63
2 64
2 65
0 66
0 67
0 68
1 66
1 67
1 68
2 66
2 67
2 68
0 69
0 70
0 71
1 69
1 70
1 71
2 69
2 70
2 71
0 72
0 73
0 74
1 72
1 73
1 74
2 72
2 73
2 74
0 75
0 76
0 77
1 75
1 76
1 77
2 75
2 76
2 77
0 78
0 79
0 80
1 78
1 79
1 80
2 78
2 79
2 80
0 81
0 82
0 83
1 81
1 82
1 83
2 81
2 82
2 83
0 84
0 85
0 86
1 84
1 85
1 86
2 84
2 85
2 86
0 87
0 88
0 89
1 87
1 88
1 89
2 87
2 88
2 89
0 90
0 91
0 92
1 90
1 91
1 92
2 90
2 91
2 92
3 0
3 1
3 2
4 0
4 1
4 2
5 0
5 1
5 2
3 18
3 19
3 20
4 18
4 19
4 20
5 18
5 19
5 20
3 36
3 37
3 38
4 36
4 37
4 38
5 36
5 37
5 38
3 90
3 91
3 92
4 90
4 91
4 92
5 90
5 91
5 92
6 0
6 1
6 2
7 0
7 1
7 2
8 0
8 1
8 2
6 3
6 4
6 5
7 3
7 4
7 5
8 3
8 4
8 5
6 6
6 7
6 8
7 6
7 7
7 8
8 6
8 7
8 8
6 9
6 10
6 11
7 9
7 10
7 11
8 9
8 10
8 11
6 12
6 13
6 14
7 12
7 13
7 14
8 12
8 13
8 14
6 18
6 19
6 20
7 18
7 19
7 20
8 18
8 19
8 20
6 24
6 25
6 26
7 24
7 25
7 26
8 24
8 25
8 26
6 30
6 31
6 32
7 30
7 31
7 32
8 30
8 31
8 32
6 36
6 37
6 38
7 36
7 37
7 38
8 36
8 37
8 38
6 42
6 43
6 44
7 42
7 43
7 44
8 42
8 43
8 44
6 45
6 46
6 47
7 45
7 46
7 47
8 45
8 46
8 47
6 48
6 49
6 50
7 48
7 49
7 50
8 48
8 49
8 50
6 51
6 52
6 53
7 51
7 52
7 53
8 51
8 52
8 53
6 54
6 55
6 56
7 54
7 55
7 56
8 54
8 55
8 56
6 57
6 58
6 59
7 57
7 58
7 59
8 57
8 58
8 59
6 60
6 61
6 62
7 60
7 61
7 62
8 60
8 61
8 62
6 63
6 64
6 65
7 63
7 64
7 65
8 63
8 64
8 65
6 66
6 67
6 68
7 66
7 67
7 68
8 66
8 67
8 68
6 69
6 70
6 71
7 69
7 70
7 71
8 69
8 70
8 71
6 72
6 73
6 74
7 72
7 73
7 74
8 72
8 73
8 74
6 78
6 79
6 80
7 78
7 79
7 80
8 78
8 79
8 80
6 81
6 82
6 83
7 81
7 82
7 83
8 81
8 82
8 83
6 84
6 85
6 86
7 84
7 85
7 86
8 84
8 85
8 86
6 90
6 91
6 92
7 90
7 91
7 92
8 90
8 91
8 92
9 0
9 1
9 2
10 0
10 1
10 2
11 0
11 1
11 2
9 18
9 19
9 20
10 18
10 19
10 20
11 18
11 19
11 20
9 24
9 25
9 26
10 24
10 25
10 26
11 24
11 25
11 26
9 30
9 31
9 32
10 30
10 31
10 32
11 30
11 31
11 32
9 36
9 37
9 38
10 36
10 37
10 38
11 36
11 37
11 38
9 42
9 43
9 44
10 42
10 43
10 44
11 42
11 43
11 44
9 60
9 61
9 62
10 60
10 61
10 62
11 60
11 61
11 62
9 72
9 73
9 74
10 72
10 73
10 74
11 72
11 73
11 74
9 78
9 79
9 80
10 78
10 79
10 80
11 78
11 79
11 80
9 84
9 85
9 86
10 84
10 85
10 86
11 84
11 85
11 86
9 90
9 91
9 92
10 90
10 91
10 92
11 90
11 91
11 92
12 0
12 1
12 2
13 0
13 1
13 2
14 0
14 1
14 2
12 6
12 7
12 8
13 6
13 7
13 8
14 6
14 7
14 8
12 9
12 10
12 11
13 9
13 10
13 11
14 9
14 10
14 11
12 12
12 13
12 14
13 12
13 13
13 14
14 12
14 13
14 14
12 15
12 16
12 17
13 15
13 16
13 17
14 15
14 16
14 17
12 18
12 19
12 20
13 18
13 19
13 20
14 18
14 19
14 20
12 21
12 22
12 23
13 21
13 22
13 23
14 21
14 22
14 23
12 24
12 25
12 26
13 24
13 25
13 26
14 24
14 25
14 26
12 30
12 31
12 32
13 30
13 31
13 32
14 30
14 31
14 32
12 36
12 37
12 38
13 36
13 37
13 38
14 36
14 37
14 38
12 42
12 43
12 44
13 42
13 43
13 44
14 42
14 43
14 44
12 48
12 49
12 50
13 48
13 49
13 50
14 48
14 49
14 50
12 51
12 52
12 53
13 51
13 52
13 53
14 51
14 52
14 53
12 54
12 55
12 56
13 54
13 55
13 56
14 54
14 55
14 56
12 60
12 61
12 62
13 60
13 61
13 62
14 60
14 61
14 62
12 66
12 67
12 68
13 66
13 67
13 68
14 66
14 67
14 68
12 69
12 70
12 71
13 69
13 70
13 71
14 69
14 70
14 71
12 72
12 73
12 74
13 72
13 73
13 74
14 72
14 73
14 74
12 78
12 79
12 80
13 78
13 79
13 80
14 78
14 79
14 80
12 84
12 85
12 86
13 84
13 85
13 86
14 84
14 85
14 86
12 90
12 91
12 92
13 90
13 91
13 92
14 90
14 91
14 92
15 0
15 1
15 2
16 0
16 1
16 2
17 0
17 1
17 2
15 6
15 7
15 8
16 6
16 7
16 8
17 6
17 7
17 8
15 24
15 25
15 26
16 24
16 25
16 26
17 24
17 25
17 26
15 30
15 31
15 32
16 30
16 31
16 32
17 30
17 31
17 32
15 36
15 37
15 38
16 36
16 37
16 38
17 36
17 37
17 38
15 48
15 49
15 50
16 48
16 49
16 50
17 48
17 49
17 50
15 54
15 55
15 56
16 54
16 55
16 56
17 54
17 55
17 56
15 60
15 61
15 62
16 60
16 61
16 62
17 60
17 61
17 62
15 66
15 67
15 68
16 66
16 67
16 68
17 66
17 67
17 68
15 78
15 79
15 80
16 78
16 79
16 80
17 78
17 79
17 80
15 90
15 91
15 92
16 90
16 91
16 92
17 90
17 91
17 92
18 0
18 1
18 2
19 0
19 1
19 2
20 0
20 1
20 2
18 6
18 7
18 8
19 6
19 7
19 8
20 6
20 7
20 8
18 12
18 13
18 14
19 12
19 13
19 14
20 12
20 13
20 14
18 15
18 16
18 17
19 15
19 16
19 17
20 15
20 16
20 17
18 18
18 19
18 20
19 18
19 19
19 20
20 18
20 19
20 20
18 24
18 25
18 26
19 24
19 25
19 26
20 24
20 25
20 26
18 30
18 31
18 32
19 30
19 31
19 32
20 30
20 31
20 32
18 36
18 37
18 38
19 36
19 37
19 38
20 36
20 37
20 38
18 39
18 40
18 41
19 39
19 40
19 41
20 39
20 40
20 41
18 42
18 43
18 44
19 42
19 43
19 44
20 42
20 43
20 44
18 45
18 46
18 47
19 45
19 46
19 47
20 45
20 46
20 47
18 48
18 49
18 50
19 48
19 49
19 50
20 48
20 49
20 50
18 54
18 55
18 56
19 54
19 55
19 56
20 54
20 55
20 56
18 60
18 61
18 62
19 60
19 61
19 62
20 60
20 61
20 62
18 66
18 67
18 68
19 66
19 67
19 68
20 66
20 67
20 68
18 72
18 73
18 74
19 72
19 73
19 74
20 72
20 73
20 74
18 75
18 76
18 77
19 75
19 76
19 77
20 75
20 76
20 77
18 78
18 79
18 80
19 78
19 79
19 80
20 78
20 79
20 80
18 84
18 85
18 86
19 84
19 85
19 86
20 84
20 85
20 86
18 87
18 88
18 89
19 87
19 88
19 89
20 87
20 88
20 89
18 90
18 91
18 92
19 90
19 91
19 92
20 90
20 91
20 92
21 0
21 1
21 2
22 0
22 1
22 2
23 0
23 1
23 2
21 6
21 7
21 8
22 6
22 7
22 8
23 6
23 7
23 8
21 18
21 19
21 20
22 18
22 19
22 20
23 18
23 19
23 20
21 30
21 31
21 32
22 30
22 31
22 32
23 30
23 31
23 32
21 36
21 37
21 38
22 36
22 37
22 38
23 36
23 37
23 38
21 48
21 49
21 50
22 48
22 49
22 50
23 48
23 49
23 50
21 60
21 61
21 62
22 60
22 61
22 62
23 60
23 61
23 62
21 66
21 67
21 68
22 66
22 67
22 68
23 66
23 67
23 68
21 72
21 73
21 74
22 72
22 73
22 74
23 72
23 73
23 74
21 84
21 85
21 86
22 84
22 85
22 86
23 84
23 85
23 86
21 90
21 91
21 92
22 90
22 91
22 92
23 90
23 91
23 92
24 0
24 1
24 2
25 0
25 1
25 2
26 0
26 1
26 2
24 6
24 7
24 8
25 6
25 7
25 8
26 6
26 7
26 8
24 9
24 10
24 11
25 9
25 10
25 11
26 9
26 10
26 11
24 12
24 13
24 14
25 12
25 13
25 14
26 12
26 13
26 14
24 18
24 19
24 20
25 18
25 19
25 20
26 18
26 19
26 20
24 21
24 22
24 23
25 21
25 22
25 23
26 21
26 22
26 23
24 24
24 25
24 26
25 24
25 25
25 26
26 24
26 25
26 26
24 27
24 28
24 29
25 27
25 28
25 29
26 27
26 28
26 29
24 30
24 31
24 32
25 30
25 31
25 32
26 30
26 31
26 32
24 36
24 37
24 38
25 36
25 37
25 38
26 36
26 37
26 38
24 39
24 40
24 41
25 39
25 40
25 41
26 39
26 40
26 41
24 42
24 43
24 44
25 42
25 43
25 44
26 42
26 43
26 44
24 48
24 49
24 50
25 48
25 49
25 50
26 48
26 49
26 50
24 54
24 55
24 56
25 54
25 55
25 56
26 54
26 55
26 56
24 57
24 58
24 59
25 57
25 58
25 59
26 57
26 58
26 59
24 60
24 61
24 62
25 60
25 61
25 62
26 60
26 61
26 62
24 66
24 67
24 68
25 66
25 67
25 68
26 66
26 67
26 68
24 72
24 73
24 74
25 72
25 73
25 74
26 72
26 73
26 74
24 78
24 79
24 80
25 78
25 79
25 80
26 78
26 79
26 80
24 81
24 82
24 83
25 81
25 82
25 83
26 81
26 82
26 83
24 84
24 85
24 86
25 84
25 85
25 86
26 84
26 85
26 86
24 90
24 91
24 92
25 90
25 91
25 92
26 90
26 91
26 92
27 0
27 1
27 2
28 0
28 1
28 2
29 0
29 1
29 2
27 18
27 19
27 20
28 18
28 19
28 20
29 18
29 19
29 20
27 30
27 31
27 32
28 30
28 31
28 32
29 30
29 31
29 32
27 42
27 43
27 44
28 42
28 43
28 44
29 42
29 43
29 44
27 54
27 55
27 56
28 54
28 55
28 56
29 54
29 55
29 56
27 66
27 67
27 68
28 66
28 67
28 68
29 66
29 67
29 68
27 72
27 73
27 74
28 72
28 73
28 74
29 72
29 73
29 74
27 78
27 79
27 80
28 78
28 79
28 80
29 78
29 79
29 80
27 90
27 91
27 92
28 90
28 91
28 92
29 90
29 91
29 92
30 0
30 1
30 2
31 0
31 1
31 2
32 0
32 1
32 2
30 3
30 4
30 5
31 3
31 4
31 5
32 3
32 4
32 5
30 6
30 7
30 8
31 6
31 7
31 8
32 6
32 7
32 8
30 9
30 10
30 11
31 9
31 10
31 11
32 9
32 10
32 11
30 12
30 13
30 14
31 12
31 13
31 14
32 12
32 13
32 14
30 15
30 16
30 17
31 15
31 16
31 17
32 15
32 16
32 17
30 18
30 19
30 20
31 18
31 19
31 20
32 18
32 19
32 20
30 24
30 25
30 26
31 24
31 25
31 26
32 24
32 25
32 26
30 30
30 31
30 32
31 30
31 31
31 32
32 30
32 31
32 32
30 33
30 34
30 35
31 33
31 34
31 35
32 33
32 34
32 35
30 36
30 37
30 38
31 36
31 37
31 38
32 36
32 37
32 38
30 42
30 43
30 44
31 42
31 43
31 44
32 42
32 43
32 44
30 48
30 49
30 50
31 48
31 49
31 50
32 48
32 49
32 50
30 51
30 52
30 53
31 51
31 52
31 53
32 51
32 52
32 53
30 54
30 55
30 56
31 54
31 55
31 56
32 54
32 55
32 56
30 57
30 58
30 59
31 57
31 58
31 59
32 57
32 58
32 59
30 60
30 61
30 62
31 60
31 61
31 62
32 60
32 61
32 62
30 66
30 67
30 68
31 66
31 67
31 68
32 66
32 67
32 68
30 72
30 73
30 74
31 72
31 73
31 74
32 72
32 73
32 74
30 78
30 79
30 80
31 78
31 79
31 80
32 78
32 79
32 80
30 84
30 85
30 86
31 84
31 85
31 86
32 84
32 85
32 86
30 90
30 91
30 92
31 90
31 91
31 92
32 90
32 91
32 92
33 0
33 1
33 2
34 0
34 1
34 2
35 0
35 1
35 2
33 12
33 13
33 14
34 12
34 13
34 14
35 12
35 13
35 14
33 24
33 25
33 26
34 24
34 25
34 26
35 24
35 25
35 26
33 42
33 43
33 44
34 42
34 43
34 44
35 42
35 43
35 44
33 48
33 49
33 50
34 48
34 49
34 50
35 48
35 49
35 50
33 66
33 67
33 68
34 66
34 67
34 68
35 66
35 67
35 68
33 72
33 73
33 74
34 72
34 73
34 74
35 72
35 73
35 74
33 84
33 85
33 86
34 84
34 85
34 86
35 84
35 85
35 86
33 90
33 91
33 92
34 90
34 91
34 92
35 90
35 91
35 92
36 0
36 1
36 2
37 0
37 1
37 2
38 0
38 1
38 2
36 6
36 7
36 8
37 6
37 7
37 8
38 6
38 7
38 8
36 9
36 10
36 11
37 9
37 10
37 11
38 9
38 10
38 11
36 12
36 13
36 14
37 12
37 13
37 14
38 12
38 13
38 14
36 18
36 19
36 20
37 18
37 19
37 20
38 18
38 19
38 20
36 21
36 22
36 23
37 21
37 22
37 23
38 21
38 22
38 23
36 24
36 25
36 26
37 24
37 25
37 26
38 24
38 25
38 26
36 27
36 28
36 29
37 27
37 28
37 29
38 27
38 28
38 29
36 30
36 31
36 32
37 30
37 31
37 32
38 30
38 31
38 32
36 33
36 34
36 35
37 33
37 34
37 35
38 33
38 34
38 35
36 36
36 37
36 38
37 36
37 37
37 38
38 36
38 37
38 38
36 39
36 40
36 41
37 39
37 40
37 41
38 39
38 40
38 41
36 42
36 43
36 44
37 42
37 43
37 44
38 42
38 43
38 44
36 48
36 49
36 50
37 48
37 49
37 50
38 48
38 49
38 50
36 54
36 55
36 56
37 54
37 55
37 56
38 54
38 55
38 56
36 60
36 61
36 62
37 60
37 61
37 62
38 60
38 61
38 62
36 63
36 64
36 65
37 63
37 64
37 65
38 63
38 64
38 65
36 66
36 67
36 68
37 66
37 67
37 68
38 66
38 67
38 68
36 72
36 73
36 74
37 72
37 73
37 74
38 72
38 73
38 74
36 78
36 79
36 80
37 78
37 79
37 80
38 78
38 79
38 80
36 81
36 82
36 83
37 81
37 82
37 83
38 81
38 82
38 83
36 84
36 85
36 86
37 84
37 85
37 86
38 84
38 85
38 86
36 87
36 88
36 89
37 87
37 88
37 89
38 87
38 88
38 89
36 90
36 91
36 92
37 90
37 91
37 92
38 90
38 91
38 92
39 0
39 1
39 2
40 0
40 1
40 2
41 0
41 1
41 2
39 6
39 7
39 8
40 6
40 7
40 8
41 6
41 7
41 8
39 18
39 19
39 20
40 18
40 19
40 20
41 18
41 19
41 20
39 30
39 31
39 32
40 30
40 31
40 32
41 30
41 31
41 32
39 48
39 49
39 50
40 48
40 49
40 50
41 48
41 49
41 50
39 54
39 55
39 56
40 54
40 55
40 56
41 54
41 55
41 56
39 60
39 61
39 62
40 60
40 61
40 62
41 60
41 61
41 62
39 72
39 73
39 74
40 72
40 73
40 74
41 72
41 73
41 74
39 78
39 79
39 80
40 78
40 79
40 80
41 78
41 79
41 80
39 90
39 91
39 92
40 90
40 91
40 92
41 90
41 91
41 92
42 0
42 1
42 2
43 0
43 1
43 2
44 0
44 1
44 2
42 6
42 7
42 8
43 6
43 7
43 8
44 6
44 7
44 8
42 12
42 13
42 14
43 12
43 13
43 14
44 12
44 13
44 14
42 15
42 16
42 17
43 15
43 16
43 17
44 15
44 16
44 17
42 18
42 19
42 20
43 18
43 19
43 20
44 18
44 19
44 20
42 24
42 25
42 26
43 24
43 25
43 26
44 24
44 25
44 26
42 27
42 28
42 29
43 27
43 28
43 29
44 27
44 28
44 29
42 30
42 31
42 32
43 30
43 31
43 32
44 30
44 31
44 32
42 36
42 37
42 38
43 36
43 37
43 38
44 36
44 37
44 38
42 39
42 40
42 41
43 39
43 40
43 41
44 39
44 40
44 41
42 42
42 43
42 44
43 42
43 43
43 44
44 42
44 43
44 44
42 45
42 46
42 47
43 45
43 46
43 47
44 45
44 46
44 47
42 48
42 49
42 50
43 48
43 49
43 50
44 48
44 49
44 50
42 54
42 55
42 56
43 54
43 55
43 56
44 54
44 55
44 56
42 60
42 61
42 62
43 60
43 61
43 62
44 60
44 61
44 62
42 66
42 67
42 68
43 66
43 67
43 68
44 66
44 67
44 68
42 69
42 70
42 71
43 69
43 70
43 71
44 69
44 70
44 71
42 72
42 73
42 74
43 72
43 73
43 74
44 72
44 73
44 74
42 78
42 79
42 80
43 78
43 79
43 80
44 78
44 79
44 80
42 84
42 85
42 86
43 84
43 85
43 86
44 84
44 85
44 86
42 90
42 91
42 92
43 90
43 91
43 92
44 90
44 91
44 92
45 0
45 1
45 2
46 0
46 1
46 2
47 0
47 1
47 2
45 6
45 7
45 8
46 6
46 7
46 8
47 6
47 7
47 8
45 18
45 19
45 20
46 18
46 19
46 20
47 18
47 19
47 20
45 30
45 31
45 32
46 30
46 31
46 32
47 30
47 31
47 32
45 36
45 37
45 38
46 36
46 37
46 38
47 36
47 37
47 38
45 42
45 43
45 44
46 42
46 43
46 44
47 42
47 43
47 44
45 54
45 55
45 56
46 54
46 55
46 56
47 54
47 55
47 56
45 60
45 61
45 62
46 60
46 61
46 62
47 60
47 61
47 62
45 72
45 73
45 74
46 72
46 73
46 74
47 72
47 73
47 74
45 78
45 79
45 80
46 78
46 79
46 80
47 78
47 79
47 80
45 84
45 85
45 86
46 84
46 85
46 86
47 84
47 85
47 86
45 90
45 91
45 92
46 90
46 91
46 92
47 90
47 91
47 92
48 0
48 1
48 2
49 0
49 1
49 2
50 0
50 1
50 2
48 6
48 7
48 8
49 6
49 7
49 8
50 6
50 7
50 8
48 9
48 10
48 11
49 9
49 10
49 11
50 9
50 10
50 11
48 12
48 13
48 14
49 12
49 13
49 14
50 12
50 13
50 14
48 18
48 19
48 20
49 18
49 19
49 20
50 18
50 19
50 20
48 21
48 22
48 23
49 21
49 22
49 23
50 21
50 22
50 23
48 24
48 25
48 26
49 24
49 25
49 26
50 24
50 25
50 26
48 30
48 31
48 32
49 30
49 31
49 32
50 30
50 31
50 32
48 36
48 37
48 38
49 36
49 37
49 38
50 36
50 37
50 38
48 42
48 43
48 44
49 42
49 43
49 44
50 42
50 43
50 44
48 48
48 49
48 50
49 48
49 49
49 50
50 48
50 49
50 50
48 54
48 55
48 56
49 54
49 55
49 56
50 54
50 55
50 56
48 60
48 61
48 62
49 60
49 61
49 62
50 60
50 61
50 62
48 63
48 64
48 65
49 63
49 64
49 65
50 63
50 64
50 65
48 66
48 67
48 68
49 66
49 67
49 68
50 66
50 67
50 68
48 72
48 73
48 74
49 72
49 73
49 74
50 72
50 73
50 74
48 75
48 76
48 77
49 75
49 76
49 77
50 75
50 76
50 77
48 78
48 79
48 80
49 78
49 79
49 80
50 78
50 79
50 80
48 84
48 85
48 86
49 84
49 85
49 86
50 84
50 85
50 86
48 90
48 91
48 92
49 90
49 91
49 92
50 90
50 91
50 92
51 0
51 1
51 2
52 0
52 1
52 2
53 0
53 1
53 2
51 18
51 19
51 20
52 18
52 19
52 20
53 18
53 19
53 20
51 30
51 31
51 32
52 30
52 31
52 32
53 30
53 31
53 32
51 36
51 37
51 38
52 36
52 37
52 38
53 36
53 37
53 38
51 48
51 49
51 50
52 48
52 49
52 50
53 48
53 49
53 50
51 54
51 55
51 56
52 54
52 55
52 56
53 54
53 55
53 56
51 66
51 67
51 68
52 66
52 67
52 68
53 66
53 67
53 68
51 84
51 85
51 86
52 84
52 85
52 86
53 84
53 85
53 86
51 90
51 91
51 92
52 90
52 91
52 92
53 90
53 91
53 92
54 0
54 1
54 2
55 0
55 1
55 2
56 0
56 1
56 2
54 6
54 7
54 8
55 6
55 7
55 8
56 6
56 7
56 8
54 9
54 10
54 11
55 9
55 10
55 11
56 9
56 10
56 11
54 12
54 13
54 14
55 12
55 13
55 14
56 12
56 13
56 14
54 15
54 16
54 17
55 15
55 16
55 17
56 15
56 16
56 17
54 18
54 19
54 20
55 18
55 19
55 20
56 18
56 19
56 20
54 24
54 25
54 26
55 24
55 25
55 26
56 24
56 25
56 26
54 27
54 28
54 29
55 27
55 28
55 29
56 27
56 28
56 29
54 30
54 31
54 32
55 30
55 31
55 32
56 30
56 31
56 32
54 36
54 37
54 38
55 36
55 37
55 38
56 36
56 37
56 38
54 42
54 43
54 44
55 42
55 43
55 44
56 42
56 43
56 44
54 45
54 46
54 47
55 45
55 46
55 47
56 45
56 46
56 47
54 48
54 49
54 50
55 48
55 49
55 50
56 48
56 49
56 50
54 54
54 55
54 56
55 54
55 55
55 56
56 54
56 55
56 56
54 57
54 58
54 59
55 57
55 58
55 59
56 57
56 58
56 59
54 60
54 61
54 62
55 60
55 61
55 62
56 60
56 61
56 62
54 66
54 67
54 68
55 66
55 67
55 68
56 66
56 67
56 68
54 69
54 70
54 71
55 69
55 70
55 71
56 69
56 70
56 71
54 72
54 73
54 74
55 72
55 73
55 74
56 72
56 73
56 74
54 75
54 76
54 77
55 75
55 76
55 77
56 75
56 76
56 77
54 78
54 79
54 80
55 78
55 79
55 80
56 78
56 79
56 80
54 81
54 82
54 83
55 81
55 82
55 83
56 81
56 82
56 83
54 84
54 85
54 86
55 84
55 85
55 86
56 84
56 85
56 86
54 90
54 91
54 92
55 90
55 91
55 92
56 90
56 91
56 92
57 0
57 1
57 2
58 0
58 1
58 2
59 0
59 1
59 2
57 6
57 7
57 8
58 6
58 7
58 8
59 6
59 7
59 8
57 18
57 19
57 20
58 18
58 19
58 20
59 18
59 19
59 20
57 24
57 25
57 26
58 24
58 25
58 26
59 24
59 25
59 26
57 36
57 37
57 38
58 36
58 37
58 38
59 36
59 37
59 38
57 42
57 43
57 44
58 42
58 43
58 44
59 42
59 43
59 44
57 54
57 55
57 56
58 54
58 55
58 56
59 54
59 55
59 56
57 84
57 85
57 86
58 84
58 85
58 86
59 84
59 85
59 86
57 90
57 91
57 92
58 90
58 91
58 92
59 90
59 91
59 92
60 0
60 1
60 2
61 0
61 1
61 2
62 0
62 1
62 2
60 6
60 7
60 8
61 6
61 7
61 8
62 6
62 7
62 8
60 12
60 13
60 14
61 12
61 13
61 14
62 12
62 13
62 14
60 18
60 19
60 20
61 18
61 19
61 20
62 18
62 19
62 20
60 24
60 25
60 26
61 24
61 25
61 26
62 24
62 25
62 26
60 30
60 31
60 32
61 30
61 31
61 32
62 30
62 31
62 32
60 33
60 34
60 35
61 33
61 34
61 35
62 33
62 34
62 35
60 36
60 37
60 38
61 36
61 37
61 38
62 36
62 37
62 38
60 39
60 40
60 41
61 39
61 40
61 41
62 39
62 40
62 41
60 42
60 43
60 44
61 42
61 43
61 44
62 42
62 43
62 44
60 48
60 49
60 50
61 48
61 49
61 50
62 48
62 49
62 50
60 51
60 52
60 53
61 51
61 52
61 53
62 51
62 52
62 53
60 54
60 55
60 56
61 54
61 55
61 56
62 54
62 55
62 56
60 60
60 61
60 62
61 60
61 61
61 62
62 60
62 61
62 62
60 63
60 64
60 65
61 63
61 64
61 65
62 63
62 64
62 65
60 66
60 67
60 68
61 66
61 67
61 68
62 66
62 67
62 68
60 69
60 70
60 71
61 69
61 70
61 71
62 69
62 70
62 71
60 72
60 73
60 74
61 72
61 73
61 74
62 72
62 73
62 74
60 75
60 76
60 77
61 75
61 76
61 77
62 75
62 76
62 77
60 78
60 79
60 80
61 78
61 79
61 80
62 78
62 79
62 80
60 84
60 85
60 86
61 84
61 85
61 86
62 84
62 85
62 86
60 90
60 91
60 92
61 90
61 91
61 92
62 90
62 91
62 92
63 0
63 1
63 2
64 0
64 1
64 2
65 0
65 1
65 2
63 6
63 7
63 8
64 6
64 7
64 8
65 6
65 7
65 8
63 12
63 13
63 14
64 12
64 13
64 14
65 12
65 13
65 14
63 24
63 25
63 26
64 24
64 25
64 26
65 24
65 25
65 26
63 48
63 49
63 50
64 48
64 49
64 50
65 48
65 49
65 50
63 60
63 61
63 62
64 60
64 61
64 62
65 60
65 61
65 62
63 72
63 73
63 74
64 72
64 73
64 74
65 72
65 73
65 74
63 84
63 85
63 86
64 84
64 85
64 86
65 84
65 85
65 86
63 90
63 91
63 92
64 90
64 91
64 92
65 90
65 91
65 92
66 0
66 1
66 2
67 0
67 1
67 2
68 0
68 1
68 2
66 6
66 7
66 8
67 6
67 7
67 8
68 6
68 7
68 8
66 12
66 13
66 14
67 12
67 13
67 14
68 12
68 13
68 14
66 15
66 16
66 17
67 15
67 16
67 17
68 15
68 16
68 17
66 18
66 19
66 20
67 18
67 19
67 20
68 18
68 19
68 20
66 21
66 22
66 23
67 21
67 22
67 23
68 21
68 22
68 23
66 24
66 25
66 26
67 24
67 25
67 26
68 24
68 25
68 26
66 27
66 28
66 29
67 27
67 28
67 29
68 27
68 28
68 29
66 30
66 31
66 32
67 30
67 31
67 32
68 30
68 31
68 32
66 36
66 37
66 38
67 36
67 37
67 38
68 36
68 37
68 38
66 39
66 40
66 41
67 39
67 40
67 41
68 39
68 40
68 41
66 42
66 43
66 44
67 42
67 43
67 44
68 42
68 43
68 44
66 45
66 46
66 47
67 45
67 46
67 47
68 45
68 46
68 47
66 48
66 49
66 50
67 48
67 49
67 50
68 48
68 49
68 50
66 51
66 52
66 53
67 51
67 52
67 53
68 51
68 52
68 53
66 54
66 55
66 56
67 54
67 55
67 56
68 54
68 55
68 56
66 57
66 58
66 59
67 57
67 58
67 59
68 57
68 58
68 59
66 60
66 61
66 62
67 60
67 61
67 62
68 60
68 61
68 62
66 66
66 67
66 68
67 66
67 67
67 68
68 66
68 67
68 68
66 72
66 73
66 74
67 72
67 73
67 74
68 72
68 73
68 74
66 75
66 76
66 77
67 75
67 76
67 77
68 75
68 76
68 77
66 78
66 79
66 80
67 78
67 79
67 80
68 78
68 79
68 80
66 81
66 82
66 83
67 81
67 82
67 83
68 81
68 82
68 83
66 84
66 85
66 86
67 84
67 85
67 86
68 84
68 85
68 86
66 90
66 91
66 92
67 90
67 91
67 92
68 90
68 91
68 92
69 0
69 1
69 2
70 0
70 1
70 2
71 0
71 1
71 2
69 6
69 7
69 8
70 6
70 7
70 8
71 6
71 7
71 8
69 36
69 37
69 38
70 36
70 37
70 38
71 36
71 37
71 38
69 54
69 55
69 56
70 54
70 55
70 56
71 54
71 55
71 56
69 66
69 67
69 68
70 66
70 67
70 68
71 66
71 67
71 68
69 78
69 79
69 80
70 78
70 79
70 80
71 78
71 79
71 80
69 90
69 91
69 92
70 90
70 91
70 92
71 90
71 91
71 92
72 0
72 1
72 2
73 0
73 1
73 2
74 0
74 1
74 2
72 6
72 7
72 8
73 6
73 7
73 8
74 6
74 7
74 8
72 9
72 10
72 11
73 9
73 10
73 11
74 9
74 10
74 11
72 12
72 13
72 14
73 12
73 13
73 14
74 12
74 13
74 14
72 15
72 16
72 17
73 15
73 16
73 17
74 15
74 16
74 17
72 18
72 19
72 20
73 18
73 19
73 20
74 18
74 19
74 20
72 21
72 22
72 23
73 21
73 22
73 23
74 21
74 22
74 23
72 24
72 25
72 26
73 24
73 25
73 26
74 24
74 25
74 26
72 27
72 28
72 29
73 27
73 28
73 29
74 27
74 28
74 29
72 30
72 31
72 32
73 30
73 31
73 32
74 30
74 31
74 32
72 33
72 34
72 35
73 33
73 34
73 35
74 33
74 34
74 35
72 36
72 37
72 38
73 36
73 37
73 38
74 36
74 37
74 38
72 42
72 43
72 44
73 42
73 43
73 44
74 42
74 43
74 44
72 45
72 46
72 47
73 45
73 46
73 47
74 45
74 46
74 47
72 48
72 49
72 50
73 48
73 49
73 50
74 48
74 49
74 50
72 54
72 55
72 56
73 54
73 55
73 56
74 54
74 55
74 56
72 60
72 61
72 62
73 60
73 61
73 62
74 60
74 61
74 62
72 63
72 64
72 65
73 63
73 64
73 65
74 63
74 64
74 65
72 66
72 67
72 68
73 66
73 67
73 68
74 66
74 67
74 68
72 69
72 70
72 71
73 69
73 70
73 71
74 69
74 70
74 71
72 72
72 73
72 74
73 72
73 73
73 74
74 72
74 73
74 74
72 78
72 79
72 80
73 78
73 79
73 80
74 78
74 79
74 80
72 84
72 85
72 86
73 84
73 85
73 86
74 84
74 85
74 86
72 87
72 88
72 89
73 87
73 88
73 89
74 87
74 88
74 89
72 90
72 91
72 92
73 90
73 91
73 92
74 90
74 91
74 92
75 0
75 1
75 2
76 0
76 1
76 2
77 0
77 1
77 2
75 12
75 13
75 14
76 12
76 13
76 14
77 12
77 13
77 14
75 42
75 43
75 44
76 42
76 43
76 44
77 42
77 43
77 44
75 48
75 49
75 50
76 48
76 49
76 50
77 48
77 49
77 50
75 60
75 61
75 62
76 60
76 61
76 62
77 60
77 61
77 62
75 72
75 73
75 74
76 72
76 73
76 74
77 72
77 73
77 74
75 78
75 79
75 80
76 78
76 79
76 80
77 78
77 79
77 80
75 90
75 91
75 92
76 90
76 91
76 92
77 90
77 91
77 92
78 0
78 1
78 2
79 0
79 1
79 2
80 0
80 1
80 2
78 3
78 4
78 5
79 3
79 4
79 5
80 3
80 4
80 5
78 6
78 7
78 8
79 6
79 7
79 8
80 6
80 7
80 8
78 12
78 13
78 14
79 12
79 13
79 14
80 12
80 13
80 14
78 18
78 19
78 20
79 18
79 19
79 20
80 18
80 19
80 20
78 21
78 22
78 23
79 21
79 22
79 23
80 21
80 22
80 23
78 24
78 25
78 26
79 24
79 25
79 26
80 24
80 25
80 26
78 27
78 28
78 29
79 27
79 28
79 29
80 27
80 28
80 29
78 30
78 31
78 32
79 30
79 31
79 32
80 30
80 31
80 32
78 33
78 34
78 35
79 33
79 34
79 35
80 33
80 34
80 35
78 36
78 37
78 38
79 36
79 37
79 38
80 36
80 37
80 38
78 39
78 40
78 41
79 39
79 40
79 41
80 39
80 40
80 41
78 42
78 43
78 44
79 42
79 43
79 44
80 42
80 43
80 44
78 48
78 49
78 50
79 48
79 49
79 50
80 48
80 49
80 50
78 51
78 52
78 53
79 51
79 52
79 53
80 51
80 52
80 53
78 54
78 55
78 56
79 54
79 55
79 56
80 54
80 55
80 56
78 57
78 58
78 59
79 57
79 58
79 59
80 57
80 58
80 59
78 60
78 61
78 62
79 60
79 61
79 62
80 60
80 61
80 62
78 66
78 67
78 68
79 66
79 67
79 68
80 66
80 67
80 68
78 69
78 70
78 71
79 69
79 70
79 71
80 69
80 70
80 71
78 72
78 73
78 74
79 72
79 73
79 74
80 72
80 73
80 74
78 78
78 79
78 80
79 78
79 79
79 80
80 78
80 79
80 80
78 81
78 82
78 83
79 81
79 82
79 83
80 81
80 82
80 83
78 84
78 85
78 86
79 84
79 85
79 86
80 84
80 85
80 86
78 90
78 91
78 92
79 90
79 91
79 92
80 90
80 91
80 92
81 0
81 1
81 2
82 0
82 1
82 2
83 0
83 1
83 2
81 12
81 13
81 14
82 12
82 13
82 14
83 12
83 13
83 14
81 18
81 19
81 20
82 18
82 19
82 20
83 18
83 19
83 20
81 30
81 31
81 32
82 30
82 31
82 32
83 30
83 31
83 32
81 60
81 61
81 62
82 60
82 61
82 62
83 60
83 61
83 62
81 78
81 79
81 80
82 78
82 79
82 80
83 78
83 79
83 80
81 90
81 91
81 92
82 90
82 91
82 92
83 90
83 91
83 92
84 0
84 1
84 2
85 0
85 1
85 2
86 0
86 1
86 2
84 6
84 7
84 8
85 6
85 7
85 8
86 6
86 7
86 8
84 9
84 10
84 11
85 9
85 10
85 11
86 9
86 10
86 11
84 12
84 13
84 14
85 12
85 13
85 14
86 12
86 13
86 14
84 18
84 19
84 20
85 18
85 19
85 20
86 18
86 19
86 20
84 24
84 25
84 26
85 24
85 25
85 26
86 24
86 25
86 26
84 27
84 28
84 29
85 27
85 28
85 29
86 27
86 28
86 29
84 30
84 31
84 32
85 30
85 31
85 32
86 30
86 31
86 32
84 36
84 37
84 38
85 36
85 37
85 38
86 36
86 37
86 38
84 39
84 40
84 41
85 39
85 40
85 41
86 39
86 40
86 41
84 42
84 43
84 44
85 42
85 43
85 44
86 42
86 43
86 44
84 45
84 46
84 47
85 45
85 46
85 47
86 45
86 46
86 47
84 48
84 49
84 50
85 48
85 49
85 50
86 48
86 49
86 50
84 51
84 52
84 53
85 51
85 52
85 53
86 51
86 52
86 53
84 54
84 55
84 56
85 54
85 55
85 56
86 54
86 55
86 56
84 60
84 61
84 62
85 60
85 61
85 62
86 60
86 61
86 62
84 66
84 67
84 68
85 66
85 67
85 68
86 66
86 67
86 68
84 69
84 70
84 71
85 69
85 70
85 71
86 69
86 70
86 71
84 72
84 73
84 74
85 72
85 73
85 74
86 72
86 73
86 74
84 75
84 76
84 77
85 75
85 76
85 77
86 75
86 76
86 77
84 78
84 79
84 80
85 78
85 79
85 80
86 78
86 79
86 80
84 84
84 85
84 86
85 84
85 85
85 86
86 84
86 85
86 86
84 90
84 91
84 92
85 90
85 91
85 92
86 90
86 91
86 92
87 0
87 1
87 2
88 0
88 1
88 2
89 0
89 1
89 2
87 18
87 19
87 20
88 18
88 19
88 20
89 18
89 19
89 20
87 54
87 55
87 56
88 54
88 55
88 56
89 54
89 55
89 56
87 84
87 85
87 86
88 84
88 85
88 86
89 84
89 85
89 86
87 90
87 91
87 92
88 90
88 91
88 92
89 90
89 91
89 92
90 0
90 1
90 2
91 0
91 1
91 2
92 0
92 1
92 2
90 3
90 4
90 5
91 3
91 4
91 5
92 3
92 4
92 5
90 6
90 7
90 8
91 6
91 7
91 8
92 6
92 7
92 8
90 9
90 10
90 11
91 9
91 10
91 11
92 9
92 10
92 11
90 12
90 13
90 14
91 12
91 13
91 14
92 12
92 13
92 14
90 15
90 16
90 17
91 15
91 16
91 17
92 15
92 16
92 17
90 18
90 19
90 20
91 18
91 19
91 20
92 18
92 19
92 20
90 21
90 22
90 23
91 21
91 22
91 23
92 21
92 22
92 23
90 24
90 25
90 26
91 24
91 25
91 26
92 24
92 25
92 26
90 27
90 28
90 29
91 27
91 28
91 29
92 27
92 28
92 29
90 30
90 31
90 32
91 30
91 31
91 32
92 30
92 31
92 32
90 33
90 34
90 35
91 33
91 34
91 35
92 33
92 34
92 35
90 36
90 37
90 38
91 36
91 37
91 38
92 36
92 37
92 38
90 39
90 40
90 41
91 39
91 40
91 41
92 39
92 40
92 41
90 42
90 43
90 44
91 42
91 43
91 44
92 42
92 43
92 44
90 45
90 46
90 47
91 45
91 46
91 47
92 45
92 46
92 47
90 48
90 49
90 50
91 48
91 49
91 50
92 48
92 49
92 50
90 51
90 52
90 53
91 51
91 52
91 53
92 51
92 52
92 53
90 54
90 55
90 56
91 54
91 55
91 56
92 54
92 55
92 56
90 57
90 58
90 59
91 57
91 58
91 59
92 57
92 58
92 59
90 60
90 61
90 62
91 60
91 61
91 62
92 60
92 61
92 62
90 63
90 64
90 65
91 63
91 64
91 65
92 63
92 64
92 65
90 66
90 67
90 68
91 66
91 67
91 68
92 66
92 67
92 68
90 69
90 70
90 71
91 69
91 70
91 71
92 69
92 70
92 71
90 72
90 73
90 74
91 72
91 73
91 74
92 72
92 73
92 74
90 75
90 76
90 77
91 75
91 76
91 77
92 75
92 76
92 77
90 78
90 79
90 80
91 78
91 79
91 80
92 78
92 79
92 80
90 81
90 82
90 83
91 81
91 82
91 83
92 81
92 82
92 83
90 84
90 85
90 86
91 84
91 85
91 86
92 84
92 85
92 86
90 87
90 88
90 89
91 87
91 88
91 89
92 87
92 88
92 89
90 90
90 91
90 92
91 90
91 91
91 92
92 90
92 91
92 92